1	1	1	2	5	5	1	1	0.09532888465204957
1	1	1	3	5	6	3	4	0.2859866539561487
1	2	1	2	5	4	11	23	1.0486177311725453
1	2	1	2	6	5	10	10	0.9532888465204957
1	2	1	3	5	6	1	1	0.09532888465204957
1	2	1	3	6	6	3	4	0.2859866539561487
1	2	2	4	2	5	22	43	2.0972354623450906
1	2	3	2	3	6	6	6	0.5719733079122974
1	2	3	3	2	5	10	17	0.9532888465204957
1	2	3	3	3	6	4	5	0.3813155386081983
1	2	3	4	2	5	3	4	0.2859866539561487
1	2	3	4	3	5	3	3	0.2859866539561487
1	2	4	2	3	6	7	8	0.667302192564347
1	2	4	2	4	5	9	13	0.8579599618684461
1	2	4	2	5	6	3	3	0.2859866539561487
1	2	4	3	2	3	1	1	0.09532888465204957
1	2	4	4	2	3	1	1	0.09532888465204957
1	2	5	1	6	6	6	6	0.5719733079122974
1	2	5	1	7	5	2	2	0.19065776930409914
1	3	5	1	7	5	2	2	0.19065776930409914
1	3	5	3	3	3	1	1	0.09532888465204957
2	3	6	3	3	3	3	3	0.2859866539561487
2	3	7	2	3	4	1	1	0.09532888465204957
2	3	7	3	3	3	3	5	0.2859866539561487
2	3	7	4	3	4	16	16	1.5252621544327931
2	3	7	5	3	3	4	6	0.3813155386081983
2	3	7	5	4	3	4	5	0.3813155386081983
2	3	8	2	3	4	17	25	1.6205910390848426
2	3	8	2	4	3	1	1	0.09532888465204957
2	3	8	3	3	4	12	12	1.1439466158245948
2	3	8	4	3	4	3	3	0.2859866539561487
2	3	8	5	4	3	4	4	0.3813155386081983
2	4	8	2	3	4	10	13	0.9532888465204957
2	4	9	2	3	3	8	15	0.7626310772163966
3	3	8	5	4	3	22	22	2.0972354623450906
3	3	8	5	5	3	1	1	0.09532888465204957
3	4	8	5	5	3	8	8	0.7626310772163966
3	4	8	6	5	3	29	31	2.7645376549094376
3	4	8	6	6	2	13	13	1.2392755004766445
3	5	8	6	6	2	14	14	1.334604385128694
3	5	8	6	7	2	4	4	0.3813155386081983
3	5	9	6	6	2	4	4	0.3813155386081983
4	3	4	9	3	4	6	11	0.5719733079122974
4	3	4	9	4	3	8	13	0.7626310772163966
4	3	5	9	4	4	4	4	0.3813155386081983
4	4	5	8	4	3	2	2	0.19065776930409914
4	4	5	9	4	4	7	7	0.667302192564347
4	4	6	8	4	3	4	7	0.3813155386081983
4	4	6	8	5	3	11	12	1.0486177311725453
4	5	6	8	5	3	4	4	0.3813155386081983
4	5	7	7	5	2	19	24	1.811248808388942
4	5	7	7	6	2	2	4	0.19065776930409914
4	5	7	7	7	3	1	1	0.09532888465204957
4	5	7	8	5	3	14	15	1.334604385128694
4	5	8	6	6	2	7	7	0.667302192564347
4	5	8	6	7	2	4	5	0.3813155386081983
4	5	8	7	5	2	1	1	0.09532888465204957
4	5	8	7	6	2	18	23	1.7159199237368923
4	5	8	7	7	2	4	6	0.3813155386081983
5	3	4	8	1	2	9	9	0.8579599618684461
5	3	4	9	1	2	7	9	0.667302192564347
5	3	4	9	2	3	39	41	3.7178265014299336
5	3	4	9	3	3	22	22	2.0972354623450906
5	3	4	9	4	3	3	3	0.2859866539561487
5	3	5	8	1	2	4	4	0.3813155386081983
5	4	5	6	1	1	1	2	0.09532888465204957
5	4	5	7	1	2	16	16	1.5252621544327931
5	4	5	8	1	2	11	11	1.0486177311725453
5	5	5	6	1	1	4	4	0.3813155386081983
5	5	6	4	1	1	6	6	0.5719733079122974
5	5	6	4	2	1	2	2	0.19065776930409914
5	5	6	5	1	1	6	6	0.5719733079122974
5	5	6	5	2	1	4	4	0.3813155386081983
5	5	6	6	1	1	5	5	0.47664442326024786
5	5	6	6	2	1	9	9	0.8579599618684461
5	6	6	2	2	1	8	8	0.7626310772163966
5	6	6	2	3	1	1	1	0.09532888465204957
5	6	6	3	2	1	14	14	1.334604385128694
5	6	6	4	2	1	10	10	0.9532888465204957
6	5	1	4	3	2	1	1	0.09532888465204957
6	5	1	4	4	2	2	2	0.19065776930409914
6	5	1	5	3	2	6	6	0.5719733079122974
6	6	2	2	3	2	1	1	0.09532888465204957
6	6	2	3	3	2	5	5	0.47664442326024786
6	6	2	4	3	2	7	7	0.667302192564347
6	6	3	1	3	1	4	6	0.3813155386081983
6	6	3	2	3	2	9	9	0.8579599618684461
6	6	4	1	2	1	1	1	0.09532888465204957
6	6	4	1	3	1	14	14	1.334604385128694
6	6	4	1	4	1	1	1	0.09532888465204957
6	6	5	1	3	1	2	2	0.19065776930409914
6	6	5	1	4	1	10	10	0.9532888465204957
6	6	5	2	3	1	10	10	0.9532888465204957
6	6	5	2	4	1	18	18	1.7159199237368923
6	6	6	2	3	1	7	7	0.667302192564347
7	2	4	4	6	2	1	1	0.09532888465204957
7	3	3	4	7	2	5	5	0.47664442326024786
7	3	3	5	7	2	18	18	1.7159199237368923
7	3	4	4	7	2	4	4	0.3813155386081983
7	3	4	5	7	2	2	2	0.19065776930409914
7	4	1	5	3	2	1	1	0.09532888465204957
7	4	1	5	4	2	5	5	0.47664442326024786
7	4	1	5	5	2	9	9	0.8579599618684461
7	4	1	5	6	2	8	8	0.7626310772163966
7	4	2	4	6	2	2	2	0.19065776930409914
7	4	2	5	6	2	3	3	0.2859866539561487
7	4	2	5	7	2	15	15	1.4299332697807436
7	5	1	3	1	2	2	2	0.19065776930409914
7	5	1	3	2	2	1	1	0.09532888465204957
7	5	1	4	2	2	6	6	0.5719733079122974
7	5	1	4	3	2	9	9	0.8579599618684461
7	5	1	5	3	2	9	9	0.8579599618684461
7	5	1	5	4	2	6	6	0.5719733079122974
8	1	6	3	4	2	2	2	0.19065776930409914
8	1	6	4	4	2	4	4	0.3813155386081983
8	1	6	4	5	2	3	3	0.2859866539561487
8	2	4	4	6	2	5	5	0.47664442326024786
8	2	4	4	7	2	1	1	0.09532888465204957
8	2	4	5	7	2	15	15	1.4299332697807436
8	2	5	3	5	2	5	5	0.47664442326024786
8	2	5	4	5	2	7	7	0.667302192564347
8	2	5	4	6	2	11	11	1.0486177311725453
8	2	5	5	6	2	9	9	0.8579599618684461
8	2	6	4	5	2	8	8	0.7626310772163966
8	2	6	5	5	2	1	1	0.09532888465204957
9	1	6	2	3	2	1	1	0.09532888465204957
9	1	6	3	2	2	1	1	0.09532888465204957
9	1	6	3	3	2	10	10	0.9532888465204957
9	1	6	3	4	2	3	3	0.2859866539561487
9	1	7	2	1	2	1	1	0.09532888465204957
9	1	7	3	3	2	8	8	0.7626310772163966
9	1	8	3	1	2	4	4	0.3813155386081983
9	1	8	3	3	2	8	8	0.7626310772163966
9	1	8	3	4	2	4	4	0.3813155386081983
9	1	8	4	4	2	1	1	0.09532888465204957
9	1	9	1	1	2	11	11	1.0486177311725453
9	1	9	1	2	2	3	3	0.2859866539561487
9	1	9	2	1	2	4	4	0.3813155386081983
9	1	9	2	2	2	5	5	0.47664442326024786
9	1	9	3	1	2	3	3	0.2859866539561487
9	1	9	3	2	2	4	4	0.3813155386081983
9	1	9	3	3	2	4	4	0.3813155386081983
9	1	9	4	1	2	1	1	0.09532888465204957
