318.5629792879366,21.49213073454004,-3.130734704812376,0.2501137575399346,-0.6770782217765383,1
303.09741965938645,-5.364717683063944,-6.822835495267862,0.8640347486026037,0.4860959777876268,1
438.06113291723625,-6.537309449440045,1.1132229813677377,-0.9124106809476071,-0.3806514261726184,1
733.2401393508115,0.1927290320721653,0.9172570156159701,0.5412506450386569,-0.8586622892999132,1
-11.571428495905707,18.489994608360362,0.554422076453875,-1.3608960870364228,-0.27644155565798467,1
703.231191737722,-0.3321586742532361,-0.949375334313526,0.35999382749076503,-0.15682709991703048,1
542.9715808665927,-13.518966641596833,-2.1269428292907406,-0.05556614298970697,0.483659660979747,1
548.4018598404369,11.449432383558516,-0.040492420229167436,-1.3494538016377824,0.8525908557257553,1
298.03686280061186,-8.180157835408266,-3.880975171136157,0.9106430365394598,-0.3114889809610424,1
298.04955313546805,-7.101542937561689,-1.5584553269055768,1.6770420181322225,-1.5584160824344395,1
763.0797119412467,-8.334317226298708,1.886290374669219,-1.5983183500904072,0.2771753701583175,1
532.943227731998,-14.28763377047136,-0.13033523958259963,-0.8822247913540568,0.5989336139927022,1
572.8344103911644,-21.005014330071063,-0.3726148589302696,-0.3057805985793287,0.28685948745200696,1
402.9253582860971,-16.102635218597072,-5.675139863234719,1.4820706450254701,-0.6026878777213462,1
800.0533938569719,-12.11844719158924,-3.0465299070443272,1.7436205125488105,-0.4106984932739697,1
563.2455779988173,2.2148286640862977,0.5255109845710066,0.6606772485607912,-0.26106429136699605,1
533.3796506359125,10.804802233662485,2.4765273440129256,-1.0771592205524634,-0.20408291305943616,1
383.3175910772751,8.477419817562946,1.9897450127085747,-0.38454434851542096,-1.0163411316338569,1
933.1183874996058,-8.354478439743332,1.9329127593190343,0.826504769231414,-0.755156766562711,1
98.4031774759602,14.39265941330234,-4.103746161566512,0.9378010319260781,0.16809302874811616,1
33.59359400185383,25.56795649775259,-4.033586149690606,0.9936747206801004,-1.4320012310495924,1
23.146437540271222,1.8174730862651245,-0.8871608409158611,-0.3162953190539941,0.6249590232041828,1
288.0930302174046,-3.9630417496649955,-2.0537138085203814,-1.457087821176719,0.024372784965274175,1
267.98151253499145,-9.570704013405816,-0.7584118315840414,-1.6357934724989933,0.1396199108389542,1
98.01988577277814,-5.495846062188434,0.3872976607903773,-2.1654961112691726,-0.3792913450322488,1
83.49874396134192,22.891621549959382,4.278836526584627,-3.8234283182691042,-0.4061693545714209,1
447.9255962223425,-14.797331250759271,-1.2198344514940622,-0.7947241861545553,0.15778370490999505,1
537.9191650213771,-15.388346065023512,-0.16469232934231215,-1.902447003135907,1.2463518559260511,1
168.21046760464958,4.255310963149668,0.10338440781064051,-1.3471198259483481,-0.634444503084747,1
288.0082470812646,-8.959731549015714,-2.1614982056627525,-0.27145552603318457,-0.06659389388039605,1
538.0264521021905,-8.212738820938185,5.168396279207897,-2.4772897387465305,-0.7966151126421726,1
768.0929388553867,-7.379897374639938,3.2299624131288525,-1.0154146217097324,-0.1661274562859938,1
243.15075090189157,-0.1439149276147731,-1.680802728019998,-1.2776197580910003,0.25178408356048587,1
488.60128004523574,23.56532504324069,1.171626417596837,-1.6619905882611947,0.0591012197197478,1
348.2310069968195,4.038080148998262,0.447674995205265,-1.887639304340051,0.4908680217157144,1
173.07995742609637,-2.7929216497768863,1.5097919841867657,-1.2165536788762061,-0.9374329999608446,1
133.28642354659155,7.772729575349487,-3.7192660754711753,0.21371278872136923,-0.09486466431943041,1
358.01855917526643,-8.157984118124006,-0.07320060546629037,-1.4898664178171517,0.5461360929623611,1
287.88409216899106,-14.885118535217146,0.8069365283244245,-1.180044836111401,1.3594524804139727,1
348.0953481804469,-5.043426088455519,-2.8389683690283753,0.27280949597839044,-0.7027473470261478,1
-66.81465538610269,4.38482991830962,-2.3665429800652937,0.34343985200131044,0.6935994096178213,1
138.22700988344207,4.730688359804091,-2.1931658420629603,-0.10699321806986584,-0.8468717780664066,1
333.25480582916646,5.3193311582485165,0.7837581291550002,-0.5499594292152086,1.2313191130428716,1
318.1118484666389,-3.48694493911691,-1.9938573800041794,-0.0353169719010511,0.49148130916227384,1
238.11148507872258,-3.0515210012939065,-2.2273271441802933,0.9043605439466615,-1.2762795681415895,1
313.1199153878398,-2.3053631635876286,0.8559035268130195,0.08986193724944513,-0.6634078421101535,1
402.93901715897357,-15.053302848806595,-4.2526805423963765,2.5579467854641544,-0.9492519993141282,1
517.9289632654715,-14.997554888546418,0.2954334771831135,-0.7037435414610069,-0.2637177176897918,1
443.26641129493294,3.2605020440733625,-3.2253348673124016,1.609969883528724,-1.2369429737258595,1
628.2860709851128,4.041145380795925,0.3579315275320525,-0.37006381436861524,0.2554782269239775,1
373.3332912223799,9.66419862631544,2.292045751660236,-0.8504973838776362,-0.8217204890052323,1
223.4171063579505,14.216892411737035,-2.387865038189023,1.119174632924394,-1.110384059284565,1
523.0728513966159,-7.096625255912869,-0.12928836917028974,-0.24875461728960868,-0.09601369025207473,1
538.1820973229432,-1.3567801281016187,-0.2309785109169482,0.2652570906477161,-1.0742166577805565,1
-227.0326904524968,-7.994967969134365,-9.94713133776718,1.1421155507204412,1.5454741423154892,2
-66.85012199724918,2.3198665362226336,-4.12689933264685,-0.1162688676216943,1.0348278785641218,2
-296.8244368914156,5.468475698009911,-3.6617552215439417,2.57505964974626,-0.39533274273311525,2
-116.97047258185796,-3.726383423155127,-2.219998841500086,-0.18292419731478393,-0.033271066312379194,2
-327.0591255951515,-6.948130808142167,-2.0857080285214735,0.08646051156821244,-2.4162832511353645,2
-391.75248643605005,11.171678256222876,-3.0247446387236216,-0.6083154576604501,-0.18117345308693533,2
-68.90576044269494,-0.5586205371241846,-1.8950692219501697,-0.08594298055748428,-1.027188631108181,2
-237.24141029251695,-17.531025550917988,-0.6560142273253255,0.09660359511956651,-1.277868213339072,2
3.296155990979969,10.095811600653064,-3.2177922543834896,-0.790352836140154,0.7773617239388557,2
-27.966120730539387,51.6301251859265,-4.999461281198856,-1.5140524565709903,0.643190712908652,2
123.13013830856266,1.0598345145507153,0.8110228827998682,-2.270112197280163,1.6318796195995755,2
-337.1041224880134,-7.623855122175826,3.33557625963088,-2.514769275342334,-2.0671372494415423,2
238.71675654886099,35.25182736823356,9.00507573715809,-6.461744715427354,-0.8489132078922141,2
139.09405663995778,-1.2074761987360034,1.1982546783338073,-3.108078782525947,-0.45623347701615335,2
-318.8763289023296,2.810771132325371,-5.0073215506441215,1.018306367298655,0.32498287742633725,2
-355.06025251413723,-7.530701831829674,-4.801951375096538,1.7535268116415477,-1.2310177401469713,2
-246.63359745191588,16.558436650558463,-3.4401594036204237,-0.7814064850341991,1.508908387112598,2
3.771689655532782,36.03109236303361,-6.131874734582567,-0.3667272886973434,0.27715983949830436,2
-283.8422476447663,6.36186080485821,1.308862765324772,-2.5182672628125156,0.2233016043194822,2
-469.0593503092666,-5.458923979087473,-3.201314861820677,-1.0727374137476113,-1.3982335757164512,2
-33.13133924615636,-13.187104957216363,-0.8942199036694589,-0.9277650804368331,-0.47364121847565377,2
-117.29039200980719,-19.578612467991974,3.397196627503252,-3.7794434278303752,-0.1361774225321084,2
-226.95329942011858,-1.7760587915564656,-3.0905958793246455,-1.0675318043278406,-1.034770972363257,2
-296.85215173438587,4.45280308867936,-3.645455008096441,-1.0689080211162212,-0.653045340790714,2
-252.04639192844058,-5.21261758810499,1.452310831177897,-2.645900543689579,0.009380061754435065,2
-185.10885737349292,-8.318582024009373,4.815931293586363,-3.993780978124736,-0.2606492185267517,2
-67.1807518444748,-14.524690218444078,1.4714870295042992,-2.556619564976053,0.532105911495925,2
-122.43132640120507,-27.504038698491378,3.0803859615485045,-4.046802602420662,-0.06973432661585077,2
-267.1853332030438,-14.053890086022534,-2.34355041555434,-1.0918435667589144,0.4984164158941389,2
-297.1044146752864,-8.415031614551182,0.972715451919246,-1.2049191028946984,-0.2767381569769385,2
-252.2138850717704,-15.25157024528312,0.010559973630744679,-1.181785085537495,0.13253879746208552,2
-457.02221494219674,-3.697337926777081,-4.019284914658051,-0.7997365638954754,-0.19903604560152433,2
-401.851274089996,5.331400215799434,-3.8437198057476927,-0.24118777162329152,-0.8169000994341546,2
191.18339677250674,58.793762379561926,-2.3688115437713293,-3.285065280125046,0.5493222692682012,2
-121.27917775374158,36.417514889317104,-0.32317103295934047,-2.6341497308262456,1.3919071890555976,2
-319.08827280468597,-9.193078195295811,-5.1314856345409225,-0.06072651738711343,-0.8502721875632719,2
-87.0802925612985,-10.226572689125959,-1.5397074203804877,-0.5518838484026851,-2.209124492629012,2
-341.040900167349,-5.750565586578887,-3.4801889772236194,-1.1007219811590732,-0.37945441434336535,2
-36.93161455099835,-2.1704159280459834,-2.590309581823824,-1.011409832951169,0.36973713324688484,2
-185.07371349407924,-8.520519018587791,-2.250976706118358,-1.3816373253610825,0.4694614794027261,2
-308.88238661249596,3.7516565521730882,-0.6457357499334968,-1.7349429026885534,-0.23535734846256995,2
-75.15313775202651,-13.413827944810876,0.2694406099940885,-2.189488325278578,-0.11873948006903268,2
-432.00974192285366,-2.032946733749526,0.012978552046732261,-1.5786610113652442,-0.11624106462396755,2
-434.9577801123812,-0.05952602952396546,-3.0950524791578182,-0.885005318029144,-1.099414068117294,2
-66.99069577012972,-4.5714576404105145,-0.6490086918746449,-2.7478824387272667,-1.010399985929196,2
-184.73643852532723,10.516463160565308,-1.7028908621077328,-1.632459523422578,0.12569351777338733,2
-422.0428736248792,-4.24492194176247,-1.0798031835079414,-1.929019008845576,-0.21060250232748112,2
-139.81866316131368,5.735552074296891,-0.5340291891297184,-0.9069979130072738,0.637483088262647,2
-313.06094816289715,-6.167094011040859,-0.42958373868314226,-1.638778026375034,-1.1180181062376087,2
-362.1296331136067,-9.259295397921363,0.8390443466867055,-2.100061244584891,-1.1992975608121261,2
-340.1150062142458,-8.689734429642712,-0.34593057020623874,-2.857907234137448,-0.7487949692858757,2
-401.6959734817673,15.42589026770662,-0.24785618801518794,-2.6776334645334945,-0.5419183085236243,2
-375.17109236646627,-13.185050253814694,-4.609454691510322,1.4427991589331093,1.4277936030169394,2
-183.09792918191033,-9.553544319548735,-1.9084831633533454,-2.4837453749845455,1.5991158759148614,2
-121.94524134844448,-1.5888942780782287,-0.6556354295328362,-1.8817181662815559,-0.512329753934555,2
-281.53456911973257,24.508261186546605,6.485045869937355,-2.4221891950905245,-3.8115152683269824,2
-381.82677823426366,9.189109755405653,4.133342046481207,-3.6126183582463716,0.7795709077144544,2
-367.0893800459942,-7.188215890256345,0.218655026639464,-1.2671731611582961,1.234371279548673,2
-367.15717469661223,-11.196320221661296,-0.36550887123864584,-1.5384287823531961,-0.36441991981603294,2
-369.10360096662146,-8.17580491179045,-0.6398487191914413,-1.676827322176802,-0.8885036046499786,2
-395.0788364569409,-6.679831873374511,-0.061894557072751155,-0.8081765022714826,-2.04959194531008,2
-405.0612878028858,-4.451073669629238,2.2072153631843427,-3.2234406535863274,-1.0830130534426377,2
-167.2376418176758,-16.73118572505878,1.7368791369550038,-2.092582552118688,1.6617820923355033,2
-116.47300035905562,24.26602005979754,-2.789249502173945,0.1875851676399365,0.8515977071025953,3
-216.78453997810755,8.130449556224946,-0.23992681020521545,1.346289105218089,1.0317959837091715,3
-186.9151119656019,1.7100573556775487,3.856146524097536,0.1550930237111121,0.4277417634169436,3
-97.13297359792648,-13.058283826880853,-1.6758577178582819,1.6372344085972985,0.2694644595713531,3
-51.9820468671835,-4.812293096844357,-0.1607301223928026,2.7961163979750316,0.7027594601225338,3
-27.097930749853276,-10.229996223962075,1.8376558359596054,-0.5188995748486924,3.319480776435682,3
-231.95153407062094,0.5349074098239583,4.8314931126764975,-0.21186915197304135,2.345932448680988,3
-167.07624576452395,-8.756723111031349,0.17737762526872913,1.917605087211995,1.5176518359995081,3
-156.86804454285766,4.163162488055335,3.7030765864158823,-0.6887544044746043,0.8507095696909877,3
-146.94648958055132,-1.0967289642032938,1.009602536078976,0.06331135713780167,1.3245048002911481,3
32.90429274889573,-11.305365635407654,1.3413769751850602,0.764663661053055,1.3018280558692572,3
-226.92620968566473,1.3882783668810532,2.962953674992331,-0.5562690254739664,1.3717365344413253,3
-197.00434749401973,-4.228428695529217,0.12287404169204663,0.7786822948786645,2.308793856783221,3
108.31267730325987,10.351330443795788,0.4810854297588101,3.2686515729929324,1.5374162833611615,3
83.118262612482,0.8068696950290928,1.7968429693437606,-0.9642000784063045,2.5795489243852936,3
-332.19583999008887,-13.813298892465184,0.17093583700359005,2.073738482491991,2.6620442448363235,3
-122.12609208783442,-11.469925859637115,3.0006437106285127,2.887473506523374,1.355895838902875,3
-196.62480660405083,16.87311392485026,2.253899631312052,4.404086588797329,0.0974867741577845,3
-246.44919923184148,27.810095379533564,3.750749290530681,2.87467515402799,-0.4589713629869827,3
-266.62878804970126,17.150231997529232,2.6831192631389946,5.4260932577302,-1.3878377572930831,3
-321.5707409351809,22.164340097200977,4.424342787524882,1.046717189259084,-1.2012723067254916,3
-71.89765870622591,-0.3996563997193334,0.7077531625497357,5.999354359041433,-0.30593606704912224,3
-106.81661780127251,5.2061230650887325,0.733294017272506,2.6864583378505715,-0.3622148654770956,3
-22.020256798528862,-6.229439254840855,3.86483282327654,2.7611317245134743,1.7909562278085778,3
-267.0317323055761,-5.923089144009879,0.7032844576445605,5.204013057852912,0.1548398993774316,3
132.99984125218953,-4.867705439544366,8.753798412442382,-0.23220542068404626,0.6777373117878582,3
-86.91399859078058,0.07963577715351278,7.171313675162981,5.688498962952761,-3.5011430436368545,3
-127.06128965116454,-8.291416841194533,4.5772808875690885,5.570636397634573,-2.73744150191068,3
-66.75543117637733,8.470289897435165,0.5491365352492004,1.433440983687655,1.4608871377723753,3
-176.765098425117,9.473190002016764,1.8428729242426378,0.6915025720788468,1.1227004880978504,3
-71.76839793240185,7.510637841257761,-1.0122258512642581,1.3829171117622563,1.9337313502087143,3
-132.04824836043474,-7.255030312061606,3.6633280994635555,4.295898442168688,-0.3748656319490111,3
-227.07784455326032,-7.5933793038869055,3.104006297214063,2.103973249609943,1.409723723195293,3
-51.68950645984444,12.358084974597801,4.74361264716638,4.594928448734723,-0.23449484288137779,3
3.1827646534928817,5.391361501575943,5.857239690699437,2.006248232430014,-0.25115674956461964,3
-116.6748180494526,14.533370347154118,5.754956502189998,2.283513231631204,0.6534731427083884,3
-236.92120794183774,0.4630369975532034,-0.9701937431225893,1.8472099123966506,1.3337255683095843,3
-277.08357825603935,-8.740331907970258,0.8396936183762023,5.7382740486379475,-0.6874902815169901,3
-87.02740263137343,-7.104595748581758,1.9605158219047247,4.8909754112971875,-0.5110483963755108,3
-6.980210958028465,-4.541136569158681,2.47470686159539,3.1559197297739097,2.3489269147972043,3
88.45807368612964,18.776284558356153,2.2375765094490845,4.820708173573056,1.0573356790356399,3
93.45624185410918,18.670819123425403,1.7883915219579585,3.709351931383104,0.27695620805360255,3
-186.94319027310928,-0.21333080312172115,5.630509838777513,3.4729869371871986,-0.00703463091274692,3
273.0444315214037,-6.725074307758845,-3.0347923708208953,-0.9621354056631013,0.4836814054012777,1
13.643002113365469,27.846832147749225,-6.640550726108225,1.9539942854552175,0.4647607126300306,1
48.42964224993,16.321949760522244,-3.3612101270786674,1.3177996983854623,-1.640734794457837,1
513.187748021228,-0.8637592352154968,0.9638927665023296,2.0439350405451755,-1.5352093527766044,1
313.39761267563233,12.608913514882275,-2.00469936416221,0.37035604228181507,-0.368911688227338,1
-245.21252397707923,-17.49363929942048,-4.993235932280262,1.996810569250591,-2.4416436114710547,2
-275.0960258796877,-7.753152131800874,2.9311772376185807,-1.7043180344920508,-0.6614577648747342,2
-232.1329883841231,-10.530103259648044,2.4301091101167103,0.06967566285978721,0.7991211230805497,2
-332.08929638290095,-7.883728753439584,-2.041298468388632,-1.6996626248309532,0.031476104843777275,2
-237.206697087257,-15.561967932903471,-1.5472466138609207,-0.70650691287209,-0.389683848679955,2
-259.1483677337963,-11.078816347723418,1.599972845736172,-1.6299071769811455,-0.17651712577107492,2
-252.10947206109944,-9.275870146862658,-0.5577057418655578,-2.636722199563952,-0.0645160230400923,2
-281.03036870910125,-2.535860067717792,6.785925299912094,-4.081019068548035,-0.7506175548227785,2
-146.76952962486223,8.920334113562163,1.3644812992647708,0.32739567169472217,1.500479428330764,3
-97.0193892680735,-5.906442575323524,2.9828262935567977,3.2855812965848186,0.1812804391267293,3
-227.06883575173458,-7.618630299434827,1.855085433730963,3.122353912253735,0.39015376104749055,3
-62.085011124303946,-10.554015295801591,1.9421360432117396,5.458801645218363,0.06742341290485321,3
3.131604678755366,2.335190511328335,4.309930609696639,1.5621809772519129,1.1680034631982747,3
