1	1	1	2	1	1	1	2	0.023940627244433802
1	1	1	2	3	6	2	2	0.047881254488867604
1	1	1	3	1	3	1	3	0.023940627244433802
1	1	1	3	2	4	5	13	0.11970313622216902
1	1	1	3	3	4	7	11	0.16758439071103662
1	1	1	3	4	3	1	3	0.023940627244433802
1	1	1	4	1	3	2	3	0.047881254488867604
1	1	1	4	2	4	4	11	0.09576250897773521
1	1	1	4	3	3	4	10	0.09576250897773521
1	1	1	4	4	4	2	2	0.047881254488867604
1	1	1	5	1	5	1	1	0.023940627244433802
1	1	1	5	2	4	3	9	0.07182188173330141
1	1	1	5	3	4	5	5	0.11970313622216902
1	1	1	5	4	4	1	1	0.023940627244433802
1	1	1	6	2	4	2	2	0.047881254488867604
1	1	1	6	3	4	1	2	0.023940627244433802
1	1	1	7	2	4	2	2	0.047881254488867604
1	1	1	7	3	2	1	1	0.023940627244433802
1	1	2	2	2	5	1	1	0.023940627244433802
1	1	2	3	1	4	1	1	0.023940627244433802
1	1	2	3	2	4	1	1	0.023940627244433802
1	1	2	3	3	5	3	7	0.07182188173330141
1	1	2	3	4	3	3	6	0.07182188173330141
1	1	2	4	2	4	7	25	0.16758439071103662
1	1	2	4	3	3	18	48	0.4309312903998085
1	1	2	4	4	5	3	5	0.07182188173330141
1	1	2	5	1	2	1	2	0.023940627244433802
1	1	2	5	2	3	14	37	0.33516878142207324
1	1	2	5	3	3	31	78	0.7421594445774479
1	1	2	5	4	3	6	13	0.14364376346660282
1	1	2	6	2	3	12	29	0.28728752693320564
1	1	2	6	3	3	21	42	0.5027531721331099
1	1	2	6	4	3	4	7	0.09576250897773521
1	1	2	7	2	3	7	16	0.16758439071103662
1	1	2	7	3	3	9	19	0.21546564519990424
1	1	3	2	2	4	1	1	0.023940627244433802
1	1	3	3	2	3	4	7	0.09576250897773521
1	1	3	3	3	3	12	27	0.28728752693320564
1	1	3	3	4	3	1	1	0.023940627244433802
1	1	3	4	2	3	4	8	0.09576250897773521
1	1	3	4	3	2	10	28	0.23940627244433804
1	1	3	5	2	2	15	28	0.35910940866650704
1	1	3	5	3	2	13	27	0.3112281541776395
1	1	3	5	4	3	2	3	0.047881254488867604
1	1	3	6	2	2	26	47	0.622456308355279
1	1	3	6	3	2	23	36	0.5506344266219775
1	1	3	6	4	2	2	5	0.047881254488867604
1	1	3	7	1	2	2	2	0.047881254488867604
1	1	3	7	2	3	11	19	0.26334689968877184
1	1	3	7	3	2	10	19	0.23940627244433804
1	1	3	7	4	3	1	1	0.023940627244433802
1	1	4	3	2	2	1	1	0.023940627244433802
1	1	4	3	3	3	1	1	0.023940627244433802
1	1	4	5	2	2	1	2	0.023940627244433802
1	1	4	6	2	3	2	3	0.047881254488867604
1	1	4	6	3	2	1	2	0.023940627244433802
1	1	4	7	1	3	1	1	0.023940627244433802
1	1	4	7	2	3	2	2	0.047881254488867604
1	1	4	7	3	2	1	2	0.023940627244433802
1	1	4	7	4	3	1	1	0.023940627244433802
1	2	1	1	1	5	1	2	0.023940627244433802
1	2	1	1	3	5	1	1	0.023940627244433802
1	2	1	2	1	5	3	6	0.07182188173330141
1	2	1	2	2	5	4	6	0.09576250897773521
1	2	1	2	3	5	2	4	0.047881254488867604
1	2	1	2	4	4	1	1	0.023940627244433802
1	2	1	3	1	4	2	4	0.047881254488867604
1	2	1	3	2	5	5	9	0.11970313622216902
1	2	1	3	3	5	8	13	0.19152501795547042
1	2	1	3	4	5	2	5	0.047881254488867604
1	2	1	4	1	5	2	3	0.047881254488867604
1	2	1	4	2	5	7	14	0.16758439071103662
1	2	1	4	3	3	3	8	0.07182188173330141
1	2	1	4	4	5	1	1	0.023940627244433802
1	2	1	5	1	5	1	1	0.023940627244433802
1	2	1	5	2	4	4	8	0.09576250897773521
1	2	1	5	3	3	2	2	0.047881254488867604
1	2	1	5	4	4	1	2	0.023940627244433802
1	2	1	6	1	4	1	2	0.023940627244433802
1	2	1	6	2	6	2	4	0.047881254488867604
1	2	1	7	3	3	1	1	0.023940627244433802
1	2	2	2	2	4	1	1	0.023940627244433802
1	2	2	2	3	5	2	2	0.047881254488867604
1	2	2	2	4	4	1	2	0.023940627244433802
1	2	2	3	1	4	3	3	0.07182188173330141
1	2	2	3	2	4	3	4	0.07182188173330141
1	2	2	3	3	5	4	11	0.09576250897773521
1	2	2	3	4	3	2	3	0.047881254488867604
1	2	2	4	1	4	2	5	0.047881254488867604
1	2	2	4	2	3	4	8	0.09576250897773521
1	2	2	4	3	3	7	16	0.16758439071103662
1	2	2	4	4	3	6	12	0.14364376346660282
1	2	2	5	1	3	1	2	0.023940627244433802
1	2	2	5	2	4	15	25	0.35910940866650704
1	2	2	5	3	3	12	24	0.28728752693320564
1	2	2	5	4	4	6	12	0.14364376346660282
1	2	2	6	1	3	1	2	0.023940627244433802
1	2	2	6	2	3	7	15	0.16758439071103662
1	2	2	6	3	3	12	21	0.28728752693320564
1	2	2	6	4	4	4	7	0.09576250897773521
1	2	2	7	1	3	1	2	0.023940627244433802
1	2	2	7	2	4	4	7	0.09576250897773521
1	2	2	7	3	3	4	8	0.09576250897773521
1	2	3	2	2	3	1	1	0.023940627244433802
1	2	3	2	3	2	1	2	0.023940627244433802
1	2	3	2	4	4	1	2	0.023940627244433802
1	2	3	3	2	3	1	2	0.023940627244433802
1	2	3	3	3	3	2	6	0.047881254488867604
1	2	3	3	4	4	1	1	0.023940627244433802
1	2	3	4	1	4	1	2	0.023940627244433802
1	2	3	4	2	4	6	10	0.14364376346660282
1	2	3	4	3	3	6	11	0.14364376346660282
1	2	3	4	4	3	10	16	0.23940627244433804
1	2	3	5	1	3	2	3	0.047881254488867604
1	2	3	5	2	3	17	31	0.4069906631553747
1	2	3	5	3	3	17	31	0.4069906631553747
1	2	3	5	4	3	6	9	0.14364376346660282
1	2	3	6	1	4	6	10	0.14364376346660282
1	2	3	6	2	3	16	28	0.38305003591094083
1	2	3	6	3	3	19	26	0.4548719176442423
1	2	3	6	4	3	5	7	0.11970313622216902
1	2	3	7	1	3	1	1	0.023940627244433802
1	2	3	7	2	3	14	22	0.33516878142207324
1	2	3	7	3	3	10	15	0.23940627244433804
1	2	3	7	4	2	1	3	0.023940627244433802
1	2	4	2	2	3	1	1	0.023940627244433802
1	2	4	2	3	3	1	1	0.023940627244433802
1	2	4	3	2	2	1	1	0.023940627244433802
1	2	4	3	3	2	1	2	0.023940627244433802
1	2	4	4	1	4	1	1	0.023940627244433802
1	2	4	4	3	3	1	1	0.023940627244433802
1	2	4	4	4	4	1	1	0.023940627244433802
1	2	4	5	1	3	2	2	0.047881254488867604
1	2	4	5	2	3	4	6	0.09576250897773521
1	2	4	5	3	3	3	4	0.07182188173330141
1	2	4	5	4	4	1	1	0.023940627244433802
1	2	4	6	2	3	11	16	0.26334689968877184
1	2	4	6	3	3	7	9	0.16758439071103662
1	2	4	6	4	3	1	1	0.023940627244433802
1	2	4	7	1	2	2	5	0.047881254488867604
1	2	4	7	2	3	8	15	0.19152501795547042
1	2	4	7	3	3	4	7	0.09576250897773521
1	2	4	7	4	4	1	1	0.023940627244433802
1	3	1	1	1	6	6	11	0.14364376346660282
1	3	1	1	2	4	1	3	0.023940627244433802
1	3	1	1	3	5	1	1	0.023940627244433802
1	3	1	1	4	5	1	1	0.023940627244433802
1	3	1	2	1	5	2	3	0.047881254488867604
1	3	1	2	2	5	1	1	0.023940627244433802
1	3	1	2	3	5	1	2	0.023940627244433802
1	3	1	2	4	4	4	6	0.09576250897773521
1	3	1	3	2	6	1	1	0.023940627244433802
1	3	1	3	3	5	1	1	0.023940627244433802
1	3	1	3	4	4	1	1	0.023940627244433802
1	3	1	4	3	4	1	1	0.023940627244433802
1	3	2	1	1	5	1	1	0.023940627244433802
1	3	2	1	3	5	2	2	0.047881254488867604
1	3	2	1	4	6	2	2	0.047881254488867604
1	3	2	2	1	5	1	2	0.023940627244433802
1	3	2	2	2	3	3	5	0.07182188173330141
1	3	2	2	3	4	2	5	0.047881254488867604
1	3	2	2	4	4	2	3	0.047881254488867604
1	3	2	3	1	3	1	2	0.023940627244433802
1	3	2	3	2	3	2	3	0.047881254488867604
1	3	2	3	3	4	3	4	0.07182188173330141
1	3	2	3	4	4	1	1	0.023940627244433802
1	3	2	4	3	4	1	1	0.023940627244433802
1	3	2	4	4	4	1	1	0.023940627244433802
1	3	2	5	2	4	1	1	0.023940627244433802
1	3	2	5	3	4	1	1	0.023940627244433802
1	3	3	1	1	5	1	1	0.023940627244433802
1	3	3	1	2	4	1	1	0.023940627244433802
1	3	3	1	4	4	1	1	0.023940627244433802
1	3	3	2	1	4	2	3	0.047881254488867604
1	3	3	2	2	3	1	2	0.023940627244433802
1	3	3	2	3	4	2	2	0.047881254488867604
1	3	3	2	4	3	1	3	0.023940627244433802
1	3	3	3	1	4	2	2	0.047881254488867604
1	3	3	3	2	4	3	4	0.07182188173330141
1	3	3	3	3	4	3	5	0.07182188173330141
1	3	3	3	4	3	2	5	0.047881254488867604
1	3	3	4	2	4	3	3	0.07182188173330141
1	3	3	4	3	4	5	8	0.11970313622216902
1	3	3	4	4	3	2	3	0.047881254488867604
1	3	3	5	2	4	1	1	0.023940627244433802
1	3	3	5	3	3	1	1	0.023940627244433802
1	3	3	5	4	3	1	2	0.023940627244433802
1	3	3	6	4	4	1	1	0.023940627244433802
1	3	4	1	1	5	1	1	0.023940627244433802
1	3	4	1	2	4	1	1	0.023940627244433802
1	3	4	1	3	3	1	1	0.023940627244433802
1	3	4	2	1	4	2	3	0.047881254488867604
1	3	4	2	2	3	1	2	0.023940627244433802
1	3	4	2	3	4	4	5	0.09576250897773521
1	3	4	2	4	4	5	5	0.11970313622216902
1	3	4	3	1	4	4	6	0.09576250897773521
1	3	4	3	2	3	4	6	0.09576250897773521
1	3	4	3	3	3	6	12	0.14364376346660282
1	3	4	3	4	4	5	5	0.11970313622216902
1	3	4	4	1	4	5	6	0.11970313622216902
1	3	4	4	2	4	4	7	0.09576250897773521
1	3	4	4	3	4	7	11	0.16758439071103662
1	3	4	4	4	3	2	4	0.047881254488867604
1	3	4	5	1	4	4	6	0.09576250897773521
1	3	4	5	2	3	4	6	0.09576250897773521
1	3	4	5	3	4	3	6	0.07182188173330141
1	3	4	5	4	4	1	1	0.023940627244433802
1	3	4	6	1	3	1	2	0.023940627244433802
1	3	4	6	2	4	2	2	0.047881254488867604
1	3	4	6	4	3	1	2	0.023940627244433802
1	3	4	7	2	3	1	1	0.023940627244433802
2	1	1	4	3	5	1	1	0.023940627244433802
2	1	1	5	2	2	1	2	0.023940627244433802
2	1	1	5	3	4	1	2	0.023940627244433802
2	1	2	4	2	2	3	6	0.07182188173330141
2	1	2	4	3	4	10	21	0.23940627244433804
2	1	2	5	2	3	5	13	0.11970313622216902
2	1	2	5	3	3	21	47	0.5027531721331099
2	1	2	5	4	4	1	1	0.023940627244433802
2	1	2	6	2	4	2	3	0.047881254488867604
2	1	2	6	3	2	6	17	0.14364376346660282
2	1	2	7	3	3	1	1	0.023940627244433802
2	1	3	2	2	2	2	2	0.047881254488867604
2	1	3	2	3	1	11	17	0.26334689968877184
2	1	3	3	2	2	2	3	0.047881254488867604
2	1	3	3	3	2	8	26	0.19152501795547042
2	1	3	4	2	2	5	9	0.11970313622216902
2	1	3	4	3	2	9	22	0.21546564519990424
2	1	3	4	4	3	1	1	0.023940627244433802
2	1	3	5	2	4	1	1	0.023940627244433802
2	1	3	5	3	2	2	5	0.047881254488867604
2	1	3	6	2	2	1	1	0.023940627244433802
2	1	3	6	3	1	3	5	0.07182188173330141
2	1	4	1	2	2	1	1	0.023940627244433802
2	1	4	1	3	1	9	9	0.21546564519990424
2	1	4	2	3	1	5	6	0.11970313622216902
2	2	1	2	2	4	1	2	0.023940627244433802
2	2	1	2	3	5	1	2	0.023940627244433802
2	2	1	3	1	6	4	7	0.09576250897773521
2	2	1	3	2	5	4	11	0.09576250897773521
2	2	1	3	3	4	5	13	0.11970313622216902
2	2	1	3	4	5	5	7	0.11970313622216902
2	2	1	4	1	4	1	1	0.023940627244433802
2	2	1	4	2	4	6	14	0.14364376346660282
2	2	1	4	3	4	7	15	0.16758439071103662
2	2	1	4	4	4	3	4	0.07182188173330141
2	2	1	5	1	4	2	3	0.047881254488867604
2	2	1	5	2	3	3	9	0.07182188173330141
2	2	1	5	3	4	8	16	0.19152501795547042
2	2	1	5	4	3	2	6	0.047881254488867604
2	2	1	6	1	4	1	1	0.023940627244433802
2	2	1	6	2	3	4	7	0.09576250897773521
2	2	1	6	3	3	3	7	0.07182188173330141
2	2	1	6	4	4	2	3	0.047881254488867604
2	2	1	7	2	2	1	3	0.023940627244433802
2	2	1	7	3	3	1	3	0.023940627244433802
2	2	2	2	3	2	1	2	0.023940627244433802
2	2	2	3	3	5	2	3	0.047881254488867604
2	2	2	3	4	4	2	4	0.047881254488867604
2	2	2	4	1	4	1	1	0.023940627244433802
2	2	2	4	2	5	6	16	0.14364376346660282
2	2	2	4	3	3	6	16	0.14364376346660282
2	2	2	4	4	2	1	4	0.023940627244433802
2	2	2	5	2	4	11	26	0.26334689968877184
2	2	2	5	3	4	16	48	0.38305003591094083
2	2	2	5	4	3	10	24	0.23940627244433804
2	2	2	6	1	4	2	2	0.047881254488867604
2	2	2	6	2	3	13	29	0.3112281541776395
2	2	2	6	3	3	31	57	0.7421594445774479
2	2	2	6	4	3	3	10	0.07182188173330141
2	2	2	7	2	3	17	31	0.4069906631553747
2	2	2	7	3	3	8	19	0.19152501795547042
2	2	2	7	4	2	2	2	0.047881254488867604
2	2	3	2	3	2	1	1	0.023940627244433802
2	2	3	3	2	2	2	2	0.047881254488867604
2	2	3	4	2	2	1	1	0.023940627244433802
2	2	3	4	3	4	2	3	0.047881254488867604
2	2	3	5	2	3	4	7	0.09576250897773521
2	2	3	5	3	3	10	18	0.23940627244433804
2	2	3	5	4	3	2	3	0.047881254488867604
2	2	3	6	1	2	1	2	0.023940627244433802
2	2	3	6	2	3	10	15	0.23940627244433804
2	2	3	6	3	2	14	34	0.33516878142207324
2	2	3	6	4	3	5	9	0.11970313622216902
2	2	3	7	1	3	1	1	0.023940627244433802
2	2	3	7	2	3	10	20	0.23940627244433804
2	2	3	7	3	2	12	21	0.28728752693320564
2	2	3	7	4	1	1	2	0.023940627244433802
2	2	4	3	2	2	1	1	0.023940627244433802
2	2	4	5	2	2	1	1	0.023940627244433802
2	2	4	6	2	2	1	2	0.023940627244433802
2	2	4	6	3	3	1	1	0.023940627244433802
2	2	4	7	1	2	1	1	0.023940627244433802
2	2	4	7	2	3	3	4	0.07182188173330141
2	2	4	7	3	3	1	1	0.023940627244433802
2	3	1	1	1	5	3	5	0.07182188173330141
2	3	1	1	2	4	1	2	0.023940627244433802
2	3	1	1	3	4	2	6	0.047881254488867604
2	3	1	1	4	6	1	1	0.023940627244433802
2	3	1	2	1	4	3	5	0.07182188173330141
2	3	1	2	2	5	5	7	0.11970313622216902
2	3	1	2	3	4	2	5	0.047881254488867604
2	3	1	2	4	4	1	3	0.023940627244433802
2	3	1	3	1	4	2	5	0.047881254488867604
2	3	1	3	2	4	3	8	0.07182188173330141
2	3	1	3	3	5	3	8	0.07182188173330141
2	3	1	3	4	4	6	7	0.14364376346660282
2	3	1	4	1	3	2	4	0.047881254488867604
2	3	1	4	2	3	2	6	0.047881254488867604
2	3	1	4	3	4	4	9	0.09576250897773521
2	3	1	4	4	5	3	6	0.07182188173330141
2	3	1	5	2	3	2	5	0.047881254488867604
2	3	1	5	3	4	3	3	0.07182188173330141
2	3	1	5	4	4	2	3	0.047881254488867604
2	3	1	6	2	5	1	1	0.023940627244433802
2	3	1	6	3	4	2	4	0.047881254488867604
2	3	2	2	1	4	1	1	0.023940627244433802
2	3	2	2	2	4	2	3	0.047881254488867604
2	3	2	2	3	4	1	1	0.023940627244433802
2	3	2	2	4	5	4	6	0.09576250897773521
2	3	2	3	1	4	1	3	0.023940627244433802
2	3	2	3	2	5	1	2	0.023940627244433802
2	3	2	3	3	4	6	13	0.14364376346660282
2	3	2	3	4	3	3	7	0.07182188173330141
2	3	2	4	1	4	2	2	0.047881254488867604
2	3	2	4	2	4	7	17	0.16758439071103662
2	3	2	4	3	3	7	11	0.16758439071103662
2	3	2	4	4	3	10	17	0.23940627244433804
2	3	2	5	1	4	2	4	0.047881254488867604
2	3	2	5	2	4	7	11	0.16758439071103662
2	3	2	5	3	3	18	32	0.4309312903998085
2	3	2	5	4	4	6	13	0.14364376346660282
2	3	2	6	1	2	1	3	0.023940627244433802
2	3	2	6	2	3	3	9	0.07182188173330141
2	3	2	6	3	3	5	9	0.11970313622216902
2	3	2	6	4	3	4	5	0.09576250897773521
2	3	2	7	2	3	1	1	0.023940627244433802
2	3	2	7	3	4	1	1	0.023940627244433802
2	3	2	7	4	4	1	1	0.023940627244433802
2	3	3	2	3	3	4	5	0.09576250897773521
2	3	3	2	4	4	3	4	0.07182188173330141
2	3	3	3	1	3	1	1	0.023940627244433802
2	3	3	3	2	4	3	4	0.07182188173330141
2	3	3	3	3	3	3	7	0.07182188173330141
2	3	3	3	4	4	4	7	0.09576250897773521
2	3	3	4	1	3	1	1	0.023940627244433802
2	3	3	4	2	4	8	12	0.19152501795547042
2	3	3	4	3	3	7	18	0.16758439071103662
2	3	3	4	4	4	3	5	0.07182188173330141
2	3	3	5	2	3	6	15	0.14364376346660282
2	3	3	5	3	4	15	28	0.35910940866650704
2	3	3	5	4	3	5	10	0.11970313622216902
2	3	3	6	1	4	3	5	0.07182188173330141
2	3	3	6	2	3	6	9	0.14364376346660282
2	3	3	6	3	3	10	18	0.23940627244433804
2	3	3	6	4	3	7	8	0.16758439071103662
2	3	3	7	2	3	8	13	0.19152501795547042
2	3	3	7	3	3	8	12	0.19152501795547042
2	3	3	7	4	2	1	2	0.023940627244433802
2	3	4	1	2	3	1	1	0.023940627244433802
2	3	4	2	2	3	1	1	0.023940627244433802
2	3	4	2	4	4	1	1	0.023940627244433802
2	3	4	3	1	4	1	1	0.023940627244433802
2	3	4	3	2	4	1	1	0.023940627244433802
2	3	4	3	3	3	2	4	0.047881254488867604
2	3	4	4	1	3	1	2	0.023940627244433802
2	3	4	4	2	3	5	6	0.11970313622216902
2	3	4	4	3	2	1	3	0.023940627244433802
2	3	4	4	4	3	1	1	0.023940627244433802
2	3	4	5	2	4	3	3	0.07182188173330141
2	3	4	5	3	2	2	3	0.047881254488867604
2	3	4	5	4	3	3	4	0.07182188173330141
2	3	4	6	1	3	5	5	0.11970313622216902
2	3	4	6	2	3	7	10	0.16758439071103662
2	3	4	6	3	3	3	5	0.07182188173330141
2	3	4	6	4	3	2	4	0.047881254488867604
2	3	4	7	1	4	2	2	0.047881254488867604
2	3	4	7	2	3	3	6	0.07182188173330141
2	3	4	7	3	3	2	2	0.047881254488867604
2	3	4	7	4	3	1	2	0.023940627244433802
3	1	3	2	2	1	2	4	0.047881254488867604
3	1	3	2	3	1	63	71	1.5082595163993298
3	1	3	3	2	1	4	4	0.09576250897773521
3	1	3	3	3	1	52	75	1.244912616710558
3	1	4	1	3	1	42	42	1.0055063442662198
3	1	4	2	3	1	28	28	0.6703375628441465
3	2	1	1	1	1	1	1	0.023940627244433802
3	2	1	4	2	4	1	2	0.023940627244433802
3	2	1	4	3	3	1	1	0.023940627244433802
3	2	1	5	1	2	1	1	0.023940627244433802
3	2	1	5	2	4	3	7	0.07182188173330141
3	2	1	5	3	3	1	1	0.023940627244433802
3	2	1	6	2	3	2	4	0.047881254488867604
3	2	1	6	3	3	3	6	0.07182188173330141
3	2	1	6	4	3	1	1	0.023940627244433802
3	2	1	7	2	3	2	3	0.047881254488867604
3	2	1	7	3	3	2	3	0.047881254488867604
3	2	2	3	1	1	1	1	0.023940627244433802
3	2	2	3	2	2	2	3	0.047881254488867604
3	2	2	3	3	3	1	1	0.023940627244433802
3	2	2	4	2	2	6	14	0.14364376346660282
3	2	2	4	3	2	18	27	0.4309312903998085
3	2	2	5	2	2	22	38	0.5266937993775437
3	2	2	5	3	2	50	94	1.1970313622216904
3	2	2	6	1	2	1	1	0.023940627244433802
3	2	2	6	2	2	28	54	0.6703375628441465
3	2	2	6	3	2	70	120	1.6758439071103663
3	2	2	6	4	2	1	3	0.023940627244433802
3	2	2	7	1	2	1	1	0.023940627244433802
3	2	2	7	2	2	18	32	0.4309312903998085
3	2	2	7	3	2	20	35	0.4788125448886761
3	2	2	7	4	3	1	1	0.023940627244433802
3	2	3	1	2	1	1	1	0.023940627244433802
3	2	3	2	2	2	1	1	0.023940627244433802
3	2	3	2	3	1	2	3	0.047881254488867604
3	2	3	3	2	1	2	3	0.047881254488867604
3	2	3	3	3	2	31	62	0.7421594445774479
3	2	3	4	2	1	16	33	0.38305003591094083
3	2	3	4	3	2	55	118	1.3167344984438591
3	2	3	5	2	2	24	38	0.5745750538664113
3	2	3	5	3	2	32	62	0.7661000718218817
3	2	3	6	2	2	24	30	0.5745750538664113
3	2	3	6	3	2	25	38	0.5985156811108452
3	2	3	6	4	2	1	3	0.023940627244433802
3	2	3	7	1	1	1	1	0.023940627244433802
3	2	3	7	2	2	11	13	0.26334689968877184
3	2	3	7	3	2	8	9	0.19152501795547042
3	2	4	2	3	1	1	1	0.023940627244433802
3	2	4	6	1	2	1	1	0.023940627244433802
3	2	4	6	2	1	1	1	0.023940627244433802
3	2	4	7	1	1	2	3	0.047881254488867604
3	2	4	7	2	2	1	1	0.023940627244433802
3	3	1	2	3	6	1	1	0.023940627244433802
3	3	1	3	2	5	2	2	0.047881254488867604
3	3	1	3	3	5	1	2	0.023940627244433802
3	3	1	4	2	5	2	3	0.047881254488867604
3	3	1	4	3	4	4	5	0.09576250897773521
3	3	1	5	2	4	2	2	0.047881254488867604
3	3	1	5	3	4	4	10	0.09576250897773521
3	3	1	6	2	3	6	9	0.14364376346660282
3	3	1	6	3	3	2	5	0.047881254488867604
3	3	1	6	4	3	1	1	0.023940627244433802
3	3	1	7	2	3	3	4	0.07182188173330141
3	3	1	7	3	2	2	3	0.047881254488867604
3	3	1	7	4	2	1	3	0.023940627244433802
3	3	2	2	2	3	1	1	0.023940627244433802
3	3	2	3	2	6	1	1	0.023940627244433802
3	3	2	3	3	4	1	1	0.023940627244433802
3	3	2	4	1	5	2	2	0.047881254488867604
3	3	2	4	2	5	1	1	0.023940627244433802
3	3	2	4	3	2	1	4	0.023940627244433802
3	3	2	5	2	3	1	2	0.023940627244433802
3	3	2	5	3	4	3	5	0.07182188173330141
3	3	2	5	4	3	2	4	0.047881254488867604
3	3	2	6	1	3	2	2	0.047881254488867604
3	3	2	6	2	3	14	21	0.33516878142207324
3	3	2	6	3	3	8	24	0.19152501795547042
3	3	2	6	4	3	1	2	0.023940627244433802
3	3	2	7	1	2	1	3	0.023940627244433802
3	3	2	7	2	3	19	33	0.4548719176442423
3	3	2	7	3	3	11	15	0.26334689968877184
3	3	2	7	4	3	2	2	0.047881254488867604
3	3	3	3	2	2	1	2	0.023940627244433802
3	3	3	4	2	3	1	1	0.023940627244433802
3	3	3	4	3	5	2	2	0.047881254488867604
3	3	3	5	2	3	1	1	0.023940627244433802
3	3	3	5	3	4	1	2	0.023940627244433802
3	3	3	5	4	6	1	1	0.023940627244433802
3	3	3	6	1	4	1	1	0.023940627244433802
3	3	3	6	2	2	5	12	0.11970313622216902
3	3	3	6	3	2	5	10	0.11970313622216902
3	3	3	7	1	3	1	1	0.023940627244433802
3	3	3	7	2	3	15	18	0.35910940866650704
3	3	3	7	3	3	3	6	0.07182188173330141
3	3	4	2	4	2	1	1	0.023940627244433802
3	3	4	3	2	2	1	1	0.023940627244433802
3	3	4	4	3	4	1	1	0.023940627244433802
3	3	4	6	2	3	1	1	0.023940627244433802
3	3	4	7	1	3	2	3	0.047881254488867604
3	3	4	7	2	3	1	1	0.023940627244433802
